[ 0.  0.  0.  0.  0.  0.  0.  0.  0.  0.  0.  0.  0.  0.  0.  0.  0.  0.
  0.  0.  0.  0.  0.  0.  0.  0.  0.  0.  0.  0.  0.  0.  0.  0.  0.  0.
  0.  0.  0.  0.  0.  0.  0.  0.  0.  0.  0.  0.  0.  0.  0.  0.  0.  0.
  0.  0.  0.  0.  0.  0.  0.  0.  0.  0.  0.  0.  0.  0.  0.  0.  0.  0.
  0.  0.  0.  0.  0.  0.  0.  0.  0. 10.  6. 13. 12. 21.  0.  0.  0.  0.
  0.  0.  0.  0.  0.  0.  0.  5. 16.  7. 15.  0.  0.  0.  0.  0.  0.  0.
  0.  0.  0.  4.  1.  3.  0. 11.  0.  0.  0.  0.  0.  0.  0.  0.  0.  0.
  0.  8.  2.  9. 19. 14.  0.  0.  0.  0.  0.  0.  0.  0.  0.  0.  0.  0.
  0. 17.  0.  0.  0.  0.  0.  0.  0.  0.  0.  0.  0.  0.  0.  0. 20. 18.
  0.  0.  0.  0.  0.  0.  0.  0.  0.  0.  0.  0.  0.  0.  0.  0.  0.  0.
  0.  0.  0.  0.  0.  0.  0.  0.  0.  0.  0.  0.  0.  0.  0.  0.  0.  0.
  0.  0.  0.  0.  0.  0.  0.  0.  0.  0.  0.  0.  0.  0.  0.  0.  0.  0.
  0.  0.  0.  0.  0.  0.  0.  0.  0.]