[ 0.  0.  0.  0.  0.  0.  0.  0.  0.  0.  0.  0.  0.  0.  0.  0.  0.  0.
  0.  0.  0.  0.  0.  0.  0.  0.  0.  0.  0.  0.  0.  0.  0.  0.  0.  0.
  0.  0.  0.  0.  0.  0.  0.  0.  0.  0.  0.  0.  0.  0.  0.  0.  0.  0.
  0.  0.  0.  0.  0.  0.  0.  0.  0.  0.  0.  0. 18.  0.  0.  0. 20.  0.
  0.  0.  0.  0.  0.  0.  0.  0.  0. 22. 17. 21. 19.  0.  0.  0.  0.  0.
  0.  0.  0.  0.  0.  0.  0.  4. 13. 24.  0.  0.  0.  0.  0.  0.  0.  0.
  0.  0.  0.  0.  1.  2. 15.  0. 26. 23.  0.  0.  0.  0.  0.  0.  0.  0.
 11.  3.  6.  5. 27.  0.  0.  0.  0.  0.  0.  0.  0.  0. 14.  0. 12.  7.
 16.  0. 25.  0.  0.  0.  0.  0.  0.  0.  0.  0.  0.  8.  0.  9.  0.  0.
  0.  0.  0.  0.  0.  0.  0.  0.  0.  0.  0.  0.  0. 10.  0.  0.  0.  0.
  0.  0.  0.  0.  0.  0.  0.  0.  0.  0.  0.  0.  0.  0.  0.  0.  0.  0.
  0.  0.  0.  0.  0.  0.  0.  0.  0.  0.  0.  0.  0.  0.  0.  0.  0.  0.
  0.  0.  0.  0.  0.  0.  0.  0.  0.]