[ 0.  0.  0.  0.  0.  0.  0.  0.  0.  0.  0.  0.  0.  0.  0.  0.  0.  0.
  0.  0.  0.  0.  0.  0.  0.  0.  0.  0.  0.  0.  0.  0.  0.  0.  0.  0.
  0.  0.  0.  0.  0.  0.  0.  0.  0.  0.  0.  0.  0.  0.  0.  0.  0.  0.
  0.  0.  0.  0.  0.  0.  0.  0.  0.  0.  0.  0.  0.  0.  0.  0.  0.  0.
  0.  0.  0.  0.  0.  0.  0.  0.  0.  0.  0.  0.  0.  0.  0.  0.  0.  0.
  0.  0.  0.  0.  0.  0. 28.  0.  5. 20. 15.  0.  0.  0.  0.  0.  0.  0.
  0.  0. 26. 25.  1.  3.  7.  8.  0.  0.  0.  0.  0.  0.  0.  0.  0.  0.
 27. 19. 18.  6. 14.  0.  0.  0.  0.  0.  0.  0.  0.  0.  0. 11. 10.  2.
  4. 12. 13.  0.  0.  0.  0.  0.  0.  0.  0. 21. 23.  9. 24.  0. 16.  0.
  0.  0.  0.  0.  0.  0.  0. 22.  0. 29.  0.  0.  0. 17.  0.  0.  0.  0.
  0.  0.  0.  0.  0.  0.  0.  0.  0.  0.  0.  0.  0.  0.  0.  0.  0.  0.
  0.  0.  0.  0.  0.  0.  0.  0.  0.  0.  0.  0.  0.  0.  0.  0.  0.  0.
  0.  0.  0.  0.  0.  0.  0.  0.  0.]