[ 0.  0.  0.  0.  0.  0.  0.  0.  0.  0.  0.  0.  0.  0.  0.  0.  0.  0.
  0.  0.  0.  0.  0.  0.  0.  0.  0.  0.  0.  0.  0.  0.  0.  0.  0.  0.
  0.  0.  0.  0.  0.  0.  0.  0.  0.  0.  0.  0.  0.  0.  0.  0.  0.  0.
  0.  0.  0.  0.  0.  0.  0.  0.  0.  0.  0. 18.  0.  0.  0.  0. 20.  0.
  0.  0.  0.  0.  0.  0.  0. 16.  6. 17.  4. 12. 15.  0.  0.  0.  0.  0.
  0.  0.  0.  0. 30.  0.  2.  3. 19.  0.  0.  0.  0.  0.  0.  0.  0.  0.
  0.  8.  5.  7.  1.  9. 10.  0.  0.  0.  0.  0.  0.  0.  0.  0.  0. 11.
 21. 25. 26. 23.  0.  0.  0.  0.  0.  0.  0.  0.  0. 13. 22.  0. 27.  0.
  0. 24.  0.  0.  0.  0.  0.  0.  0. 14.  0.  0.  0. 28. 29.  0.  0.  0.
  0.  0.  0.  0.  0.  0.  0.  0.  0.  0.  0.  0. 31.  0.  0.  0.  0.  0.
  0.  0.  0.  0.  0.  0.  0.  0.  0.  0.  0.  0.  0.  0.  0.  0.  0.  0.
  0.  0.  0.  0.  0.  0.  0.  0.  0.  0.  0.  0.  0.  0.  0.  0.  0.  0.
  0.  0.  0.  0.  0.  0.  0.  0.  0.]