[ 0.  0.  0.  0.  0.  0.  0.  0.  0.  0.  0.  0.  0.  0.  0.  0.  0.  0.
  0.  0.  0.  0.  0.  0.  0.  0.  0.  0.  0.  0.  0.  0.  0.  0.  0.  0.
  0.  0.  0.  0.  0.  0.  0.  0.  0.  0.  0.  0.  0.  0.  0.  0.  0.  0.
  0.  0.  0.  0.  0.  0.  0.  0.  0.  0.  0.  0.  0.  0.  8.  0. 10.  0.
 21.  0.  0.  0.  0.  0.  0.  0.  0. 12. 11.  5.  9. 18. 17.  0.  0.  0.
  0.  0.  0.  0.  0.  0.  0.  2.  7.  6. 19.  0.  0.  0.  0.  0.  0.  0.
  0.  0.  0.  4.  1.  3. 13.  0.  0.  0.  0.  0.  0.  0.  0.  0.  0.  0.
  0.  0. 15.  0. 14.  0.  0.  0.  0.  0.  0.  0.  0.  0.  0.  0. 20. 16.
  0.  0.  0.  0.  0.  0.  0.  0.  0.  0.  0.  0.  0.  0.  0.  0.  0.  0.
  0.  0.  0.  0.  0.  0.  0.  0.  0.  0.  0.  0.  0.  0.  0.  0.  0.  0.
  0.  0.  0.  0.  0.  0.  0.  0.  0.  0.  0.  0.  0.  0.  0.  0.  0.  0.
  0.  0.  0.  0.  0.  0.  0.  0.  0.  0.  0.  0.  0.  0.  0.  0.  0.  0.
  0.  0.  0.  0.  0.  0.  0.  0.  0.]